
$orca_hessian_file

$act_atom
  0

$act_coord
  0

$act_energy
        0.000000

$multiplicity
  1

$hessian
9
                    0                  1                  2                  3                  4        
    0      7.0899034009E-01   7.0086382033E-12  -2.5377908108E-11  -3.5449517001E-01  -9.0072824277E-12
    1      7.0086382033E-12  -2.1396489757E-02   4.2494628110E-11   6.6491977030E-12   1.0698244869E-02
    2     -2.5377908108E-11   4.2494628110E-11   4.5873782883E-01   2.2093502035E-01  -5.2940822320E-11
    3     -3.5449517001E-01   6.6491977030E-12   2.2093502035E-01   3.8469506041E-01  -1.6347958969E-12
    4     -9.0072824277E-12   1.0698244869E-02  -5.2940822320E-11  -1.6347958969E-12  -9.2409046463E-03
    5      2.8275595537E-01  -1.7384850188E-11  -2.2936891438E-01  -2.5184548781E-01   1.1677139456E-11
    6     -3.5449517007E-01  -2.3150484938E-12  -2.2093502031E-01  -3.0199890393E-02   3.4745180508E-12
    7     -9.3441431881E-12   1.0698244889E-02  -2.1304861131E-11   2.1531584677E-12  -1.4573402223E-03
    8     -2.8275595535E-01   6.6412774193E-12  -2.2936891445E-01   3.0853866896E-02   3.9519037492E-11
                    5                  6                  7                  8        
     0      2.8275595537E-01  -3.5449517007E-01  -9.3441431881E-12  -2.8275595535E-01
     1     -1.7384850188E-11  -2.3150484938E-12   1.0698244889E-02   6.6412774193E-12
     2     -2.2936891438E-01  -2.2093502031E-01  -2.1304861131E-11  -2.2936891445E-01
     3     -2.5184548781E-01  -3.0199890393E-02   2.1531584677E-12   3.0853866896E-02
     4      1.1677139456E-11   3.4745180508E-12  -1.4573402223E-03   3.9519037492E-11
     5      2.2020144487E-01  -3.0853866991E-02   7.4523561055E-12   9.1674695093E-03
     6     -3.0853866991E-02   3.8469506047E-01   3.0157575817E-12   2.5184548788E-01
     7      7.4523561055E-12   3.0157575817E-12  -9.2409046664E-03  -1.6153904943E-11
     8      9.1674695093E-03   2.5184548788E-01  -1.6153904943E-11   2.2020144494E-01

$vibrational_frequencies
9
    0        0.0000000000000000
    1        0.0000000000000000
    2        0.0000000000000000
    3        0.0000000000000000
    4        0.0000000000000000
    5        0.0000000000000000
    6     1530.5166487460596727
    7     3912.0957023350551935
    8     4029.8491223123328382

$normal_modes
9 9
                    0                  1                  2                  3                  4        
    0      0.0000000000E+00   5.7735026919E-01   0.0000000000E+00   0.0000000000E+00   5.0408520901E-02
    1      0.0000000000E+00   0.0000000000E+00   5.7735026919E-01   1.3623375020E-18   0.0000000000E+00
    2      5.7735026919E-01   0.0000000000E+00   0.0000000000E+00   0.0000000000E+00   0.0000000000E+00
    3      0.0000000000E+00   5.7735026919E-01   0.0000000000E+00   0.0000000000E+00  -4.0004262197E-01
    4      0.0000000000E+00   0.0000000000E+00   5.7735026919E-01   7.0710678119E-01   0.0000000000E+00
    5      5.7735026919E-01   0.0000000000E+00   0.0000000000E+00   0.0000000000E+00  -5.8197542140E-01
    6      0.0000000000E+00   5.7735026919E-01   0.0000000000E+00   0.0000000000E+00  -4.0004262197E-01
    7      0.0000000000E+00   0.0000000000E+00   5.7735026919E-01  -7.0710678119E-01   0.0000000000E+00
    8      5.7735026919E-01   0.0000000000E+00   0.0000000000E+00   0.0000000000E+00   5.8197542140E-01
                    5                  6                  7                  8        
     0      0.0000000000E+00   0.0000000000E+00   0.0000000000E+00  -7.0286505003E-02
     1     -8.8749429170E-02   0.0000000000E+00   0.0000000000E+00   0.0000000000E+00
     2      0.0000000000E+00   7.0612897406E-02  -4.9980902834E-02   0.0000000000E+00
     3      0.0000000000E+00  -4.2834074230E-01  -5.8431198329E-01   5.5779454045E-01
     4      7.0431652644E-01   0.0000000000E+00   0.0000000000E+00   0.0000000000E+00
     5      0.0000000000E+00  -5.6038479445E-01   3.9664903991E-01  -4.3173505099E-01
     6      0.0000000000E+00   4.2834074230E-01   5.8431198329E-01   5.5779454045E-01
     7      7.0431652644E-01   0.0000000000E+00   0.0000000000E+00   0.0000000000E+00
     8      0.0000000000E+00  -5.6038479445E-01   3.9664903991E-01   4.3173505099E-01

#
# The atoms: label  mass x y z (in bohrs)
#
$atoms
3
 O     15.99900      0.000000000000     0.000000000000     0.123898337152
 H      1.00800      1.430428540371     0.000000000000    -0.983258678619
 H      1.00800     -1.430428540371     0.000000000000    -0.983258678619

$actual_temperature
  0.000000

$frequency_scale_factor
  1.000000

$dipole_derivatives
9
   -4.2181337509E-01   -2.6559189889E-11    8.5734214387E-11
   -4.8199652238E-11   -6.8733510684E-01   -4.3151243065E-11
   -5.0732793814E-11   -8.2712805396E-11   -2.9802287249E-01
    2.1093925393E-01    1.0234126347E-11    6.4885675143E-02
   -3.1890941095E-11    3.4368164427E-01    3.6765725594E-10
    1.0282881289E-01    4.0966534666E-11    1.4873067690E-01
    2.1093925398E-01    1.3277095304E-11   -6.4885675330E-02
    8.0943383569E-11    3.4368164421E-01    1.6211562712E-10
   -1.0282881270E-01    2.5283963807E-11    1.4873067686E-01

#
# The IR spectrum
#  wavenumber eps Int TX TY TZ
#
$ir_spectrum
9
      0.00   0.00000000   0.00000000     0.000000     0.000000     0.000000
      0.00   0.00000000   0.00000000     0.000000     0.000000     0.000000
      0.00   0.00000000   0.00000000     0.000000     0.000000     0.000000
      0.00   0.00000000   0.00000000     0.000000     0.000000     0.000000
      0.00   0.00000000   0.00000000     0.000000     0.000000     0.000000
      0.00   0.00000000   0.00000000     0.000000     0.000000     0.000000
   1530.52   0.01054853  53.30792605    -0.000000    -0.000000    -0.046377
   3912.10   0.00060070   3.03567308     0.000000     0.000000     0.006922
   4029.85   0.00553366  27.96483818     0.020701     0.000000    -0.000000


$end

